Time : 11.21376
Time : 11.37234
Time : 12.04738
Time : 11.98644
