Time : 10.56067
Time : 10.52428
