Time : 12.01841
Time : 11.55709
Time : 11.91887
Time : 10.68038
